Length,Generation
11350.626732788085, 1
8698.186861096205, 2
8091.542509670498, 3
8091.542509670498, 4
7958.231297368997, 5
7916.846939433382, 6
7512.720224842541, 7
7512.720224842541, 8
6894.616952420021, 9
6894.616952420021, 10
6894.616952420021, 11
6894.616952420021, 12
6832.568280498448, 13
6728.210338742729, 14
6568.703507469412, 15
6185.197288491398, 16
6185.197288491398, 17
5778.499274100997, 18
5778.499274100997, 19
5778.499274100997, 20
5778.499274100997, 21
5493.223046261651, 22
5493.223046261651, 23
5462.973785769969, 24
5291.0285500622185, 25
5218.901529375973, 26
5108.252090978119, 27
5108.252090978119, 28
4934.731015187402, 29
4796.926521045112, 30
4796.926521045112, 31
4796.926521045112, 32
4649.676563335608, 33
4649.676563335608, 34
4649.676563335608, 35
4644.708262608177, 36
4564.241194533728, 37
4564.241194533728, 38
4564.241194533728, 39
4377.505600787319, 40
4324.5451804419135, 41
4324.5451804419135, 42
4324.5451804419135, 43
4324.5451804419135, 44
4324.5451804419135, 45
4324.5451804419135, 46
4324.5451804419135, 47
4324.5451804419135, 48
4071.0223772886197, 49
4071.0223772886197, 50
4071.0223772886197, 51
4071.0223772886197, 52
4071.0223772886197, 53
4071.0223772886197, 54
4071.0223772886197, 55
4071.0223772886197, 56
4071.0223772886197, 57
4071.0223772886197, 58
4071.0223772886197, 59
4071.0223772886197, 60
4071.0223772886197, 61
4071.0223772886197, 62
4071.0223772886197, 63
4071.0223772886197, 64
4071.0223772886197, 65
4071.0223772886197, 66
4071.0223772886197, 67
4071.0223772886197, 68
4071.0223772886197, 69
4071.0223772886197, 70
4071.0223772886197, 71
4071.0223772886197, 72
4071.0223772886197, 73
4071.0223772886197, 74
4071.0223772886197, 75
4071.0223772886197, 76
4071.0223772886197, 77
4071.0223772886197, 78
4071.0223772886197, 79
4071.0223772886197, 80
4071.0223772886197, 81
4071.0223772886197, 82
3946.120114037047, 83
3946.120114037047, 84
3946.120114037047, 85
3841.0763737185316, 86
3841.0763737185316, 87
3841.0763737185316, 88
3841.0763737185316, 89
3841.0763737185316, 90
3826.1869434844357, 91
3826.1869434844357, 92
3826.1869434844357, 93
3826.1869434844357, 94
3826.1869434844357, 95
3826.1869434844357, 96
3826.1869434844357, 97
3826.1869434844357, 98
3826.1869434844357, 99
3826.1869434844357, 100
3826.1869434844357, 101
3826.1869434844357, 102
3826.1869434844357, 103
3826.1869434844357, 104
3826.1869434844357, 105
3826.1869434844357, 106
3826.1869434844357, 107
3826.1869434844357, 108
3826.1869434844357, 109
3826.1869434844357, 110
3826.1869434844357, 111
3751.9947904987193, 112
3751.9947904987193, 113
3751.9947904987193, 114
3751.9947904987193, 115
3751.9947904987193, 116
3751.9947904987193, 117
3751.9947904987193, 118
3751.9947904987193, 119
3751.9947904987193, 120
3751.9947904987193, 121
3751.9947904987193, 122
3751.9947904987193, 123
3751.9947904987193, 124
3751.9947904987193, 125
3751.9947904987193, 126
3751.9947904987193, 127
3751.9947904987193, 128
3751.9947904987193, 129
3751.9947904987193, 130
3751.9947904987193, 131
3751.9947904987193, 132
3751.9947904987193, 133
3751.9947904987193, 134
3751.9947904987193, 135
3751.9947904987193, 136
3751.9947904987193, 137
3646.9510501802038, 138
3646.9510501802038, 139
3646.9510501802038, 140
3646.9510501802038, 141
3646.9510501802038, 142
3646.9510501802038, 143
3646.9510501802038, 144
3646.9510501802038, 145
3646.9510501802038, 146
3646.9510501802038, 147
3646.9510501802038, 148
3646.9510501802038, 149
3646.9510501802038, 150
3646.9510501802038, 151
3646.9510501802038, 152
3646.9510501802038, 153
3646.9510501802038, 154
3646.9510501802038, 155
3646.9510501802038, 156
3646.9510501802038, 157
3646.9510501802038, 158
3646.9510501802038, 159
3646.9510501802038, 160
3646.9510501802038, 161
3646.9510501802038, 162
3621.8640230930746, 163
3621.8640230930746, 164
3621.8640230930746, 165
3621.8640230930746, 166
3621.8640230930746, 167
3621.8640230930746, 168
3621.8640230930746, 169
3621.8640230930746, 170
3621.8640230930746, 171
3621.8640230930746, 172
3621.8640230930746, 173
3621.8640230930746, 174
3621.8640230930746, 175
3621.8640230930746, 176
3621.8640230930746, 177
3621.8640230930746, 178
3621.8640230930746, 179
3621.8640230930746, 180
3621.8640230930746, 181
3621.8640230930746, 182
3621.8640230930746, 183
3621.8640230930746, 184
3621.8640230930746, 185
3621.8640230930746, 186
3621.8640230930746, 187
3621.8640230930746, 188
3621.8640230930746, 189
3621.8640230930746, 190
3621.8640230930746, 191
3621.8640230930746, 192
3621.8640230930746, 193
3621.8640230930746, 194
3621.8640230930746, 195
3621.8640230930746, 196
3621.8640230930746, 197
3621.8640230930746, 198
3621.8640230930746, 199
3621.8640230930746, 200
3621.8640230930746, 201
3621.8640230930746, 202
3621.8640230930746, 203
3621.8640230930746, 204
3621.8640230930746, 205
3621.8640230930746, 206
3621.8640230930746, 207
3491.5978643716007, 208
3491.5978643716007, 209
3491.5978643716007, 210
3491.5978643716007, 211
3491.5978643716007, 212
3491.5978643716007, 213
3491.5978643716007, 214
3491.5978643716007, 215
3491.5978643716007, 216
3491.5978643716007, 217
3491.5978643716007, 218
3491.5978643716007, 219
3491.5978643716007, 220
3491.5978643716007, 221
3491.5978643716007, 222
3491.5978643716007, 223
3491.5978643716007, 224
3491.5978643716007, 225
3491.5978643716007, 226
3491.5978643716007, 227
3491.5978643716007, 228
3491.5978643716007, 229
3491.5978643716007, 230
3491.5978643716007, 231
3491.5978643716007, 232
3491.5978643716007, 233
3491.5978643716007, 234
3491.5978643716007, 235
3491.5978643716007, 236
3491.5978643716007, 237
3491.5978643716007, 238
3491.5978643716007, 239
3491.5978643716007, 240
3491.5978643716007, 241
3491.5978643716007, 242
3491.5978643716007, 243
3491.5978643716007, 244
3491.5978643716007, 245
3491.5978643716007, 246
3491.5978643716007, 247
3491.5978643716007, 248
3491.5978643716007, 249
3491.5978643716007, 250
3491.5978643716007, 251
3491.5978643716007, 252
3491.5978643716007, 253
3491.5978643716007, 254
3491.5978643716007, 255
3491.5978643716007, 256
3491.5978643716007, 257
3491.5978643716007, 258
3491.5978643716007, 259
3491.5978643716007, 260
3491.5978643716007, 261
3491.5978643716007, 262
3491.5978643716007, 263
3491.5978643716007, 264
3491.5978643716007, 265
3491.5978643716007, 266
3491.5978643716007, 267
3491.5978643716007, 268
3491.5978643716007, 269
3491.5978643716007, 270
3491.5978643716007, 271
3491.5978643716007, 272
3491.5978643716007, 273
3491.5978643716007, 274
3491.5978643716007, 275
3491.5978643716007, 276
3491.5978643716007, 277
3491.5978643716007, 278
3491.5978643716007, 279
3491.5978643716007, 280
3491.5978643716007, 281
3491.5978643716007, 282
3491.5978643716007, 283
3491.5978643716007, 284
3491.5978643716007, 285
3491.5978643716007, 286
3491.5978643716007, 287
3491.5978643716007, 288
3491.5978643716007, 289
3491.5978643716007, 290
3491.5978643716007, 291
3491.5978643716007, 292
3491.5978643716007, 293
3491.5978643716007, 294
3491.5978643716007, 295
3491.5978643716007, 296
3491.5978643716007, 297
3491.5978643716007, 298
3491.5978643716007, 299
3491.5978643716007, 300
3491.5978643716007, 301
3491.5978643716007, 302
3491.5978643716007, 303
3491.5978643716007, 304
3491.5978643716007, 305
3491.5978643716007, 306
3491.5978643716007, 307
3491.5978643716007, 308
3491.5978643716007, 309
3412.3085083984056, 310
3412.3085083984056, 311
3412.3085083984056, 312
3412.3085083984056, 313
3412.3085083984056, 314
3412.3085083984056, 315
3412.3085083984056, 316
3412.3085083984056, 317
3412.3085083984056, 318
3412.3085083984056, 319
3412.3085083984056, 320
3412.3085083984056, 321
3412.3085083984056, 322
3412.3085083984056, 323
3412.3085083984056, 324
3412.3085083984056, 325
3412.3085083984056, 326
3412.3085083984056, 327
3412.3085083984056, 328
3412.3085083984056, 329
3412.3085083984056, 330
3412.3085083984056, 331
3412.3085083984056, 332
3412.3085083984056, 333
3412.3085083984056, 334
3412.3085083984056, 335
3412.3085083984056, 336
3412.3085083984056, 337
3412.3085083984056, 338
3412.3085083984056, 339
3412.3085083984056, 340
3412.3085083984056, 341
3412.3085083984056, 342
3412.3085083984056, 343
3412.3085083984056, 344
3412.3085083984056, 345
3412.3085083984056, 346
3412.3085083984056, 347
3412.3085083984056, 348
3412.3085083984056, 349
3412.3085083984056, 350
3412.3085083984056, 351
3412.3085083984056, 352
3412.3085083984056, 353
3412.3085083984056, 354
3412.3085083984056, 355
3412.3085083984056, 356
3412.3085083984056, 357
3412.3085083984056, 358
3412.3085083984056, 359
3412.3085083984056, 360
3412.3085083984056, 361
3412.3085083984056, 362
3412.3085083984056, 363
3412.3085083984056, 364
3412.3085083984056, 365
3412.3085083984056, 366
3412.3085083984056, 367
3412.3085083984056, 368
3412.3085083984056, 369
3412.3085083984056, 370
3412.3085083984056, 371
3412.3085083984056, 372
3412.3085083984056, 373
3412.3085083984056, 374
3412.3085083984056, 375
3412.3085083984056, 376
3412.3085083984056, 377
3412.3085083984056, 378
3412.3085083984056, 379
3412.3085083984056, 380
3412.3085083984056, 381
3412.3085083984056, 382
3412.3085083984056, 383
3412.3085083984056, 384
3412.3085083984056, 385
3412.3085083984056, 386
3412.3085083984056, 387
3412.3085083984056, 388
3412.3085083984056, 389
3412.3085083984056, 390
3412.3085083984056, 391
3412.3085083984056, 392
3412.3085083984056, 393
3412.3085083984056, 394
3412.3085083984056, 395
3412.3085083984056, 396
3412.3085083984056, 397
3412.3085083984056, 398
3412.3085083984056, 399
3412.3085083984056, 400
3412.3085083984056, 401
3412.3085083984056, 402
3412.3085083984056, 403
3412.3085083984056, 404
3412.3085083984056, 405
3412.3085083984056, 406
3412.3085083984056, 407
3412.3085083984056, 408
3412.3085083984056, 409
3412.3085083984056, 410
3412.3085083984056, 411
3412.3085083984056, 412
3412.3085083984056, 413
3412.3085083984056, 414
3412.3085083984056, 415
3412.3085083984056, 416
3412.3085083984056, 417
3412.3085083984056, 418
3412.3085083984056, 419
3412.3085083984056, 420
3412.3085083984056, 421
3412.3085083984056, 422
3412.3085083984056, 423
3412.3085083984056, 424
3412.3085083984056, 425
3412.3085083984056, 426
3412.3085083984056, 427
3412.3085083984056, 428
3412.3085083984056, 429
3412.3085083984056, 430
3412.3085083984056, 431
3412.3085083984056, 432
3412.3085083984056, 433
3412.3085083984056, 434
3412.3085083984056, 435
3412.3085083984056, 436
3412.3085083984056, 437
3412.3085083984056, 438
3412.3085083984056, 439
3412.3085083984056, 440
3412.3085083984056, 441
3412.3085083984056, 442
3412.3085083984056, 443
3412.3085083984056, 444
3412.3085083984056, 445
3412.3085083984056, 446
3412.3085083984056, 447
3412.3085083984056, 448
3412.3085083984056, 449
3412.3085083984056, 450
3412.3085083984056, 451
3412.3085083984056, 452
3412.3085083984056, 453
3412.3085083984056, 454
3412.3085083984056, 455
3412.3085083984056, 456
3412.3085083984056, 457
3412.3085083984056, 458
3412.3085083984056, 459
3412.3085083984056, 460
3412.3085083984056, 461
3412.3085083984056, 462
3412.3085083984056, 463
3412.3085083984056, 464
3412.3085083984056, 465
3412.3085083984056, 466
3412.3085083984056, 467
3412.3085083984056, 468
3412.3085083984056, 469
3412.3085083984056, 470
3412.3085083984056, 471
3412.3085083984056, 472
3412.3085083984056, 473
3412.3085083984056, 474
3412.3085083984056, 475
3412.3085083984056, 476
3412.3085083984056, 477
3412.3085083984056, 478
3412.3085083984056, 479
3412.3085083984056, 480
3412.3085083984056, 481
3412.3085083984056, 482
3412.3085083984056, 483
3412.3085083984056, 484
3412.3085083984056, 485
3412.3085083984056, 486
3412.3085083984056, 487
3412.3085083984056, 488
3412.3085083984056, 489
3412.3085083984056, 490
3412.3085083984056, 491
3412.3085083984056, 492
3412.3085083984056, 493
3412.3085083984056, 494
3412.3085083984056, 495
3412.3085083984056, 496
3412.3085083984056, 497
3412.3085083984056, 498
3412.3085083984056, 499
3412.3085083984056, 500
