Length,Generation
10707.669965828152, 1
8396.803537952672, 2
8396.803537952672, 3
8262.333440673956, 4
7661.509397469636, 5
7049.858891840567, 6
6707.460859138056, 7
6681.561073438854, 8
6149.475424328676, 9
6149.475424328676, 10
5884.89218054171, 11
5627.1287833341385, 12
5627.1287833341385, 13
5627.1287833341385, 14
5522.492019977789, 15
5397.1283947991915, 16
5291.830030253889, 17
5234.098888795909, 18
5055.4348986077375, 19
4994.481491124043, 20
4892.262175089917, 21
4892.262175089917, 22
4806.366096589596, 23
4803.263009985801, 24
4640.090286467979, 25
4603.89820467842, 26
4602.861967044441, 27
4442.967976591999, 28
4415.806068421035, 29
4415.806068421035, 30
4415.806068421035, 31
4411.360354733279, 32
4319.932371158071, 33
4319.932371158071, 34
4319.932371158071, 35
4227.120777549198, 36
4227.120777549198, 37
4227.120777549198, 38
4227.120777549198, 39
4182.446045142934, 40
4141.013678418401, 41
4141.013678418401, 42
4133.375600861952, 43
4120.734936684219, 44
4057.1854630843272, 45
4057.1854630843272, 46
4057.1854630843272, 47
3892.22424404371, 48
3892.22424404371, 49
3892.22424404371, 50
3878.3542285009644, 51
3804.7832640872657, 52
3804.7832640872657, 53
3780.633640017898, 54
3682.779998290097, 55
3682.779998290097, 56
3682.779998290097, 57
3659.4660759407307, 58
3659.4660759407307, 59
3659.4660759407307, 60
3659.4660759407307, 61
3659.4660759407307, 62
3624.8515703212724, 63
3568.3097487413324, 64
3568.3097487413324, 65
3568.3097487413324, 66
3568.3097487413324, 67
3568.3097487413324, 68
3568.3097487413324, 69
3568.3097487413324, 70
3568.3097487413324, 71
3568.3097487413324, 72
3568.3097487413324, 73
3568.3097487413324, 74
3551.4910811563086, 75
3551.4910811563086, 76
3551.4910811563086, 77
3551.4910811563086, 78
3551.4910811563086, 79
3551.4910811563086, 80
3434.474620670534, 81
3434.474620670534, 82
3434.474620670534, 83
3434.474620670534, 84
3434.474620670534, 85
3434.474620670534, 86
3434.474620670534, 87
3434.474620670534, 88
3434.474620670534, 89
3434.474620670534, 90
3434.474620670534, 91
3434.474620670534, 92
3434.474620670534, 93
3434.474620670534, 94
3434.474620670534, 95
3434.474620670534, 96
3434.474620670534, 97
3434.474620670534, 98
3434.474620670534, 99
3434.474620670534, 100
3311.182421941703, 101
3311.182421941703, 102
3293.1154641437897, 103
3293.1154641437897, 104
3293.1154641437897, 105
3288.962134611331, 106
3288.962134611331, 107
3288.962134611331, 108
3288.962134611331, 109
3249.4958989500738, 110
3249.4958989500738, 111
3249.4958989500738, 112
3249.4958989500738, 113
3249.4958989500738, 114
3239.923078929094, 115
3239.923078929094, 116
3239.923078929094, 117
3239.923078929094, 118
3239.923078929094, 119
3239.923078929094, 120
3239.923078929094, 121
3239.923078929094, 122
3239.923078929094, 123
3239.923078929094, 124
3239.923078929094, 125
3239.923078929094, 126
3232.1652801395576, 127
3232.1652801395576, 128
3232.1652801395576, 129
3224.331336985788, 130
3224.331336985788, 131
3224.331336985788, 132
3224.331336985788, 133
3224.331336985788, 134
3224.331336985788, 135
3177.8508117860456, 136
3146.4654345707045, 137
3146.4654345707045, 138
3146.4654345707045, 139
3146.4654345707045, 140
3085.1578984099838, 141
3085.1578984099838, 142
3085.1578984099838, 143
3085.1578984099838, 144
3085.1578984099838, 145
3085.1578984099838, 146
3085.1578984099838, 147
3085.1578984099838, 148
3085.1578984099838, 149
3085.1578984099838, 150
3085.1578984099838, 151
3085.1578984099838, 152
3085.1578984099838, 153
3085.1578984099838, 154
3085.1578984099838, 155
3085.1578984099838, 156
3085.1578984099838, 157
3085.1578984099838, 158
3085.1578984099838, 159
3085.1578984099838, 160
3085.1578984099838, 161
3085.1578984099838, 162
3085.1578984099838, 163
3085.1578984099838, 164
3085.1578984099838, 165
3085.1578984099838, 166
3085.1578984099838, 167
3085.1578984099838, 168
3085.1578984099838, 169
3085.1578984099838, 170
3085.1578984099838, 171
3085.1578984099824, 172
3085.1578984099824, 173
3085.1578984099824, 174
3085.1578984099824, 175
3085.1578984099824, 176
3085.1578984099824, 177
3085.1578984099824, 178
3085.1578984099824, 179
3085.1578984099824, 180
3085.1578984099824, 181
3084.1835153277243, 182
3084.1835153277243, 183
3084.1835153277243, 184
3084.1835153277243, 185
3084.1835153277243, 186
3084.1835153277243, 187
3084.1835153277243, 188
3084.1835153277243, 189
3084.1835153277243, 190
3084.1835153277243, 191
3084.1835153277243, 192
3084.1835153277243, 193
3084.1835153277243, 194
3084.1835153277243, 195
3084.1835153277243, 196
3084.1835153277243, 197
3084.1835153277243, 198
3084.1835153277243, 199
3084.1835153277243, 200
3084.1835153277243, 201
3084.1835153277243, 202
3084.1835153277243, 203
3084.1835153277243, 204
3084.1835153277243, 205
3084.1835153277243, 206
3084.1835153277243, 207
3084.1835153277243, 208
3084.1835153277243, 209
3084.1835153277243, 210
3084.1835153277243, 211
3084.1835153277243, 212
3084.1835153277243, 213
3084.1835153277243, 214
3084.1835153277243, 215
3084.1835153277243, 216
3084.1835153277243, 217
3084.1835153277243, 218
3084.1835153277243, 219
3084.1835153277243, 220
3084.1835153277243, 221
3084.1835153277243, 222
3084.1835153277243, 223
3084.1835153277243, 224
3084.1835153277243, 225
3084.1835153277243, 226
3084.1835153277243, 227
3084.1835153277243, 228
3084.1835153277243, 229
3084.1835153277243, 230
3084.1835153277243, 231
3084.1835153277243, 232
3084.1835153277243, 233
3084.1835153277243, 234
3084.1835153277243, 235
3084.1835153277243, 236
3084.1835153277243, 237
3084.1835153277243, 238
3084.1835153277243, 239
3084.1835153277243, 240
3084.1835153277243, 241
3084.1835153277243, 242
3084.1835153277243, 243
3084.1835153277243, 244
3084.1835153277243, 245
3084.1835153277243, 246
3084.1835153277243, 247
3084.1835153277243, 248
3084.1835153277243, 249
3084.1835153277243, 250
3084.1835153277243, 251
3084.1835153277243, 252
3084.1835153277243, 253
3084.1835153277243, 254
3084.1835153277243, 255
3084.1835153277243, 256
3084.1835153277243, 257
3084.1835153277243, 258
3084.1835153277243, 259
3084.1835153277243, 260
3084.1835153277243, 261
3084.1835153277243, 262
3084.1835153277243, 263
3084.1835153277243, 264
3084.1835153277243, 265
3084.1835153277243, 266
3084.1835153277243, 267
3084.1835153277243, 268
3084.1835153277243, 269
3084.1835153277243, 270
3084.1835153277243, 271
3084.1835153277243, 272
3084.1835153277243, 273
3084.1835153277243, 274
3084.1835153277243, 275
3084.1835153277243, 276
3084.1835153277243, 277
3084.1835153277243, 278
3084.1835153277243, 279
3084.1835153277243, 280
3084.1835153277243, 281
3068.683339940443, 282
3068.683339940443, 283
3068.683339940443, 284
3068.683339940443, 285
3068.683339940443, 286
3068.683339940443, 287
3068.683339940443, 288
3068.683339940443, 289
3068.683339940443, 290
3068.683339940443, 291
3068.683339940443, 292
3068.683339940443, 293
3068.683339940443, 294
3068.683339940443, 295
3068.683339940443, 296
3068.683339940443, 297
3068.683339940443, 298
3068.683339940443, 299
3068.683339940443, 300
3068.683339940443, 301
3068.683339940443, 302
3068.683339940443, 303
3068.683339940443, 304
3068.683339940443, 305
3068.683339940443, 306
3068.683339940443, 307
3068.683339940443, 308
3068.683339940443, 309
3068.683339940443, 310
3068.683339940443, 311
3068.683339940443, 312
3068.683339940443, 313
3068.683339940443, 314
3068.683339940443, 315
3068.683339940443, 316
3068.683339940443, 317
3068.683339940443, 318
3068.683339940443, 319
3068.683339940443, 320
3068.683339940443, 321
3068.683339940443, 322
3068.683339940443, 323
3068.683339940443, 324
3068.683339940443, 325
3068.683339940443, 326
3068.683339940443, 327
3068.683339940443, 328
3068.683339940443, 329
3068.683339940443, 330
3068.683339940443, 331
3068.683339940443, 332
3068.683339940443, 333
3068.683339940443, 334
3068.683339940443, 335
3068.683339940443, 336
3068.683339940443, 337
3068.683339940443, 338
3068.683339940443, 339
3068.683339940443, 340
3068.683339940443, 341
3068.683339940443, 342
3068.683339940443, 343
3068.683339940443, 344
3068.683339940443, 345
3068.683339940443, 346
3068.683339940443, 347
3068.683339940443, 348
3068.683339940443, 349
3068.683339940443, 350
3068.683339940443, 351
3068.683339940443, 352
3068.683339940443, 353
3068.683339940443, 354
3068.683339940443, 355
3068.683339940443, 356
3068.683339940443, 357
3068.683339940443, 358
3068.683339940443, 359
3068.683339940443, 360
3068.683339940443, 361
3068.683339940443, 362
3068.683339940443, 363
3068.683339940443, 364
3068.683339940443, 365
3068.683339940443, 366
3068.683339940443, 367
3068.683339940443, 368
3068.683339940443, 369
3068.683339940443, 370
3068.683339940443, 371
3068.683339940443, 372
3068.683339940443, 373
3068.683339940443, 374
3068.683339940443, 375
3068.683339940443, 376
3068.683339940443, 377
3068.683339940443, 378
3068.683339940443, 379
3068.683339940443, 380
3068.683339940443, 381
3068.683339940443, 382
3068.683339940443, 383
3068.683339940443, 384
3068.683339940443, 385
3068.683339940443, 386
3068.683339940443, 387
3068.683339940443, 388
3068.683339940443, 389
3068.683339940443, 390
3068.683339940443, 391
3068.683339940443, 392
3068.683339940443, 393
3068.683339940443, 394
3068.683339940443, 395
3068.683339940443, 396
3068.683339940443, 397
3068.683339940443, 398
3068.683339940443, 399
3068.683339940443, 400
3068.683339940443, 401
3068.683339940443, 402
3068.683339940443, 403
3068.683339940443, 404
3068.683339940443, 405
3068.683339940443, 406
3068.683339940443, 407
3068.683339940443, 408
3068.683339940443, 409
3068.683339940443, 410
3068.683339940443, 411
3068.683339940443, 412
3068.683339940443, 413
3068.683339940443, 414
3068.683339940443, 415
3068.683339940443, 416
3068.683339940443, 417
3068.683339940443, 418
3068.683339940443, 419
3068.683339940443, 420
3068.683339940443, 421
3068.683339940443, 422
3068.683339940443, 423
3068.683339940443, 424
3068.683339940443, 425
3068.683339940443, 426
3068.683339940443, 427
3068.683339940443, 428
3068.683339940443, 429
3068.683339940443, 430
3068.683339940443, 431
3068.683339940443, 432
3068.683339940443, 433
3068.683339940443, 434
3068.683339940443, 435
3068.683339940443, 436
3068.683339940443, 437
3068.683339940443, 438
3068.683339940443, 439
3068.683339940443, 440
Length,Generation
13104.735473273788, 1
10964.489074374236, 2
10964.489074374236, 3
10267.585050514203, 4
9867.394017559354, 5
8806.484549025945, 6
8431.05250404675, 7
8171.550980381589, 8
7676.500853775188, 9
7190.042842743573, 10
7190.042842743573, 11
6750.5655164703685, 12
6736.33995092437, 13
6525.717271610745, 14
6480.080642373067, 15
6087.736962094979, 16
6087.736962094979, 17
5915.212038740468, 18
5915.212038740468, 19
5836.133879512065, 20
5836.133879512065, 21
5767.972122161729, 22
5751.014589525222, 23
5737.805280301154, 24
5666.979736868248, 25
5569.435034526334, 26
5564.9282316688705, 27
5501.273277176, 28
5500.4893803070045, 29
5257.3429814302, 30
5257.3429814302, 31
5252.232706334971, 32
5252.232706334971, 33
5180.2238328678395, 34
5180.2238328678395, 35
5124.92971303698, 36
5124.92971303698, 37
5027.661806376987, 38
5027.661806376987, 39
5027.661806376987, 40
5027.661806376987, 41
4984.73945491635, 42
4982.783871405204, 43
4982.783871405204, 44
4982.783871405204, 45
4982.783871405204, 46
4980.425191310847, 47
4980.425191310847, 48
4980.425191310847, 49
4768.6502888369205, 50
4768.6502888369205, 51
4768.6502888369205, 52
4768.6502888369205, 53
4768.6502888369205, 54
4768.02923571085, 55
4764.336025231419, 56
4764.336025231419, 57
4764.336025231419, 58
4764.336025231419, 59
4764.336025231419, 60
4764.336025231419, 61
4763.714972105348, 62
4763.714972105348, 63
4756.193773689889, 64
4739.169166963573, 65
4739.169166963573, 66
4739.169166963573, 67
4675.450718192716, 68
4675.450718192716, 69
4593.566615031707, 70
4529.84816626085, 71
4529.84816626085, 72
4458.500029358403, 73
4458.500029358403, 74
4458.500029358403, 75
4458.500029358403, 76
4458.500029358403, 77
4440.744536165611, 78
4440.744536165611, 79
4430.438753622586, 80
4345.515925423214, 81
4345.515925423214, 82
4345.515925423214, 83
4345.515925423214, 84
4345.515925423214, 85
4345.515925423214, 86
4345.515925423214, 87
4345.2581763651515, 88
4345.2581763651515, 89
4345.2581763651515, 90
4317.454649687397, 91
4317.454649687397, 92
4317.454649687397, 93
4317.454649687397, 94
4317.454649687397, 95
4317.454649687397, 96
4317.454649687397, 97
4317.196900629335, 98
4317.196900629335, 99
4317.196900629335, 100
4317.196900629335, 101
4317.196900629335, 102
4317.196900629335, 103
4317.196900629335, 104
4317.196900629335, 105
4317.196900629335, 106
4317.196900629335, 107
4317.196900629335, 108
4317.196900629335, 109
4317.196900629335, 110
4317.196900629335, 111
4317.196900629335, 112
4317.196900629335, 113
4317.196900629335, 114
4317.196900629335, 115
4317.196900629335, 116
4317.196900629335, 117
4317.196900629335, 118
4299.630621648719, 119
4299.630621648719, 120
4299.630621648719, 121
4215.845894786115, 122
4215.845894786115, 123
4215.845894786115, 124
4215.845894786115, 125
4215.845894786115, 126
4215.845894786115, 127
4215.845894786115, 128
4214.196721562013, 129
4214.196721562013, 130
4203.474126415893, 131
4203.474126415893, 132
4203.474126415893, 133
4203.474126415893, 134
4203.474126415893, 135
4201.824953191791, 136
4201.651035830731, 137
4201.651035830731, 138
4201.651035830731, 139
4201.651035830731, 140
4193.693578456113, 141
4193.693578456113, 142
4193.693578456113, 143
4193.693578456113, 144
4193.23040453781, 145
4193.23040453781, 146
4193.23040453781, 147
4193.23040453781, 148
4193.23040453781, 149
4193.23040453781, 150
4193.23040453781, 151
4193.23040453781, 152
4193.23040453781, 153
4114.285487829367, 154
4101.105440248702, 155
4101.105440248702, 156
4101.105440248702, 157
4101.105440248702, 158
4070.4785364143086, 159
4061.650597948333, 160
4061.650597948333, 161
4061.650597948333, 162
3991.0470446631184, 163
3991.0470446631184, 164
3991.0470446631184, 165
3991.0470446631184, 166
3991.0470446631184, 167
3991.0470446631184, 168
3991.0470446631184, 169
3991.0470446631184, 170
3991.0470446631184, 171
3991.0470446631184, 172
3991.0470446631184, 173
3991.0470446631184, 174
3991.0470446631184, 175
3991.0470446631184, 176
3991.0470446631184, 177
3991.0470446631184, 178
3991.0470446631184, 179
3991.0470446631184, 180
3991.0470446631184, 181
3991.0470446631184, 182
3991.0470446631184, 183
3991.0470446631184, 184
3991.0470446631184, 185
3944.0329142239143, 186
3944.0329142239143, 187
3944.0329142239143, 188
3944.0329142239143, 189
3944.0329142239143, 190
3944.0329142239143, 191
3944.0329142239143, 192
3944.0329142239143, 193
3944.0329142239143, 194
3944.0329142239143, 195
3944.0329142239143, 196
3918.066414794286, 197
3918.066414794286, 198
3918.066414794286, 199
3918.066414794286, 200
3918.066414794286, 201
3918.066414794286, 202
3912.5548839423222, 203
3912.5548839423222, 204
3912.5548839423222, 205
3912.5548839423222, 206
3912.5548839423222, 207
3912.5548839423222, 208
3912.5548839423222, 209
3912.5548839423222, 210
3912.5548839423222, 211
3912.5548839423222, 212
3912.5548839423222, 213
3912.5548839423222, 214
3912.5548839423222, 215
3912.5548839423222, 216
3912.5548839423222, 217
3912.5548839423222, 218
3912.5548839423222, 219
3912.5548839423222, 220
3912.5548839423222, 221
3912.5548839423222, 222
3912.5548839423222, 223
3912.5548839423222, 224
3912.5548839423222, 225
3912.5548839423222, 226
3912.5548839423222, 227
3912.5548839423222, 228
3912.5548839423222, 229
3912.5548839423222, 230
3912.5548839423222, 231
3912.5548839423222, 232
3912.5548839423222, 233
3912.5548839423222, 234
3912.5548839423222, 235
3912.5548839423222, 236
3912.5548839423222, 237
3912.5548839423222, 238
3912.5548839423222, 239
3912.5548839423222, 240
3912.5548839423222, 241
3912.5548839423222, 242
3912.5548839423222, 243
3912.5548839423222, 244
3912.5548839423222, 245
3912.5548839423222, 246
3912.5548839423222, 247
3912.5548839423222, 248
3912.5548839423222, 249
3912.5548839423222, 250
3912.5548839423222, 251
3912.5548839423222, 252
3912.5548839423222, 253
3912.5548839423222, 254
3912.5548839423222, 255
3912.5548839423222, 256
3912.5548839423222, 257
3912.5548839423222, 258
3912.5548839423222, 259
3912.5548839423222, 260
3912.5548839423222, 261
3912.5548839423222, 262
3912.5548839423222, 263
3912.5548839423222, 264
3912.5548839423222, 265
3912.5548839423222, 266
3912.5548839423222, 267
3912.5548839423222, 268
3912.5548839423222, 269
3912.5548839423222, 270
3912.5548839423222, 271
3912.5548839423222, 272
3912.5548839423222, 273
3912.5548839423222, 274
3912.5548839423222, 275
3912.5548839423222, 276
3912.5548839423222, 277
3912.5548839423222, 278
3912.5548839423222, 279
3912.5548839423222, 280
3912.5548839423222, 281
3912.5548839423222, 282
3912.5548839423222, 283
3912.5548839423222, 284
3912.5548839423222, 285
3912.5548839423222, 286
3912.5548839423222, 287
3912.5548839423222, 288
3912.5548839423222, 289
3912.5548839423222, 290
3912.5548839423222, 291
3912.5548839423222, 292
3912.5548839423222, 293
3912.5548839423222, 294
3912.5548839423222, 295
3912.5548839423222, 296
3912.5548839423222, 297
3912.5548839423222, 298
3912.5548839423222, 299
3912.5548839423222, 300
3912.5548839423222, 301
3912.5548839423222, 302
3912.5548839423222, 303
3912.5548839423222, 304
3912.5548839423222, 305
3912.5548839423222, 306
3912.5548839423222, 307
3912.5548839423222, 308
3912.5548839423222, 309
3912.5548839423222, 310
3912.5548839423222, 311
3912.5548839423222, 312
3912.5548839423222, 313
3912.5548839423222, 314
3912.5548839423222, 315
3912.5548839423222, 316
3912.5548839423222, 317
3912.5548839423222, 318
3912.5548839423222, 319
3912.5548839423222, 320
3912.5548839423222, 321
3912.5548839423222, 322
3912.5548839423222, 323
3912.5548839423222, 324
3912.5548839423222, 325
3912.5548839423222, 326
3912.5548839423222, 327
3912.5548839423222, 328
3912.5548839423222, 329
3912.5548839423222, 330
3912.5548839423222, 331
3912.5548839423222, 332
3912.5548839423222, 333
3912.5548839423222, 334
3912.5548839423222, 335
3912.5548839423222, 336
3912.5548839423222, 337
3912.5548839423222, 338
3912.5548839423222, 339
3912.5548839423222, 340
3912.5548839423222, 341
3912.5548839423222, 342
3912.5548839423222, 343
3912.5548839423222, 344
3912.5548839423222, 345
3912.5548839423222, 346
3912.5548839423222, 347
3912.5548839423222, 348
3912.5548839423222, 349
3912.5548839423222, 350
3912.5548839423222, 351
3912.5548839423222, 352
3912.5548839423222, 353
3912.5548839423222, 354
3912.5548839423222, 355
3912.5548839423222, 356
3912.5548839423222, 357
3912.5548839423222, 358
3912.5548839423222, 359
3912.5548839423222, 360
3912.5548839423222, 361
3912.5548839423222, 362
3912.5548839423222, 363
3912.5548839423222, 364
3912.5548839423222, 365
3912.5548839423222, 366
3912.5548839423222, 367
3912.5548839423222, 368
3912.5548839423222, 369
3912.5548839423222, 370
3912.5548839423222, 371
3912.5548839423222, 372
3912.5548839423222, 373
3912.5548839423222, 374
3912.5548839423222, 375
3912.5548839423222, 376
3912.5548839423222, 377
3912.5548839423222, 378
3912.5548839423222, 379
3912.5548839423222, 380
3912.5548839423222, 381
3912.5548839423222, 382
3912.5548839423222, 383
3912.5548839423222, 384
3912.5548839423222, 385
3912.5548839423222, 386
3912.5548839423222, 387
3912.5548839423222, 388
3912.5548839423222, 389
3912.5548839423222, 390
3912.5548839423222, 391
3912.5548839423222, 392
3912.5548839423222, 393
3912.5548839423222, 394
3912.5548839423222, 395
3912.5548839423222, 396
3912.5548839423222, 397
3912.5548839423222, 398
3912.5548839423222, 399
3912.5548839423222, 400
3912.5548839423222, 401
3912.5548839423222, 402
3912.5548839423222, 403
3912.5548839423222, 404
3912.5548839423222, 405
3912.5548839423222, 406
3912.5548839423222, 407
3912.5548839423222, 408
3912.5548839423222, 409
3912.5548839423222, 410
3912.5548839423222, 411
3912.5548839423222, 412
3912.5548839423222, 413
3912.5548839423222, 414
3912.5548839423222, 415
3912.5548839423222, 416
3912.5548839423222, 417
3912.5548839423222, 418
3912.5548839423222, 419
3912.5548839423222, 420
3912.5548839423222, 421
3912.5548839423222, 422
3912.5548839423222, 423
3912.5548839423222, 424
3912.5548839423222, 425
3912.5548839423222, 426
3912.5548839423222, 427
3912.5548839423222, 428
3912.5548839423222, 429
3912.5548839423222, 430
3912.5548839423222, 431
3912.5548839423222, 432
3912.5548839423222, 433
3912.5548839423222, 434
3912.5548839423222, 435
3912.5548839423222, 436
3912.5548839423222, 437
3912.5548839423222, 438
3912.5548839423222, 439
3912.5548839423222, 440
3912.5548839423222, 441
3912.5548839423222, 442
3912.5548839423222, 443
3912.5548839423222, 444
3912.5548839423222, 445
3912.5548839423222, 446
3912.5548839423222, 447
3912.5548839423222, 448
3912.5548839423222, 449
3912.5548839423222, 450
3912.5548839423222, 451
3912.5548839423222, 452
3912.5548839423222, 453
3912.5548839423222, 454
3912.5548839423222, 455
3912.5548839423222, 456
3912.5548839423222, 457
3912.5548839423222, 458
3912.5548839423222, 459
3912.5548839423222, 460
Length,Generation
9031.788740794946, 1
6437.845706916042, 2
6437.845706916042, 3
6112.043996547858, 4
5916.737801200397, 5
5304.437309562385, 6
5304.437309562385, 7
4797.369485119788, 8
4655.9979077802, 9
4655.9979077802, 10
4606.091725745723, 11
4480.055674027559, 12
4394.299541780392, 13
4353.77423582509, 14
4093.5116502793126, 15
3903.4692592580686, 16
3903.4692592580686, 17
3903.4692592580686, 18
3793.203157866723, 19
3743.1566906901126, 20
3734.149481082841, 21
3705.609425265605, 22
3664.2710793452343, 23
3648.838072181014, 24
3596.713807518337, 25
3458.3729823474227, 26
3458.3729823474227, 27
3458.3729823474227, 28
3378.9518907397223, 29
3378.9518907397223, 30
3323.6754454841844, 31
3317.5530968313424, 32
3252.9568489619983, 33
3247.4840990424054, 34
3247.4840990424054, 35
3182.8555599681035, 36
3169.8347343157793, 37
3169.8347343157793, 38
3112.7865621791666, 39
3112.7865621791666, 40
3112.7865621791666, 41
3112.7865621791666, 42
2996.6551590433974, 43
2996.6551590433974, 44
2996.6551590433974, 45
2962.7434280622433, 46
2962.7434280622433, 47
2931.383667751769, 48
2931.383667751769, 49
2911.6495821485864, 50
2911.6495821485864, 51
2905.442336245362, 52
2885.70825064218, 53
2885.70825064218, 54
2885.70825064218, 55
2885.70825064218, 56
2885.70825064218, 57
2846.378090856958, 58
2820.4367593505513, 59
2819.628589110562, 60
2796.016957398394, 61
2784.374478987035, 62
2784.374478987035, 63
2784.374478987035, 64
2784.374478987035, 65
2777.8217832098, 66
2777.8217832098, 67
2777.8217832098, 68
2777.8217832098, 69
2777.8217832098, 70
2777.8217832098, 71
2777.8217832098, 72
2777.8217832098, 73
2777.8217832098, 74
2777.8217832098, 75
2777.8217832098, 76
2766.3524040128605, 77
2766.3524040128605, 78
2766.3524040128605, 79
2766.3524040128605, 80
2766.3524040128605, 81
2766.3524040128605, 82
2766.3524040128605, 83
2766.3524040128605, 84
2766.3524040128605, 85
2766.3524040128605, 86
2766.3524040128605, 87
2766.3524040128605, 88
2766.3524040128605, 89
2766.3524040128605, 90
2766.3524040128605, 91
2766.3524040128605, 92
2766.3524040128605, 93
2766.3524040128605, 94
2766.3524040128605, 95
2766.3524040128605, 96
2766.3524040128605, 97
2766.3524040128605, 98
2766.3524040128605, 99
2766.3524040128605, 100
2766.3524040128605, 101
2766.3524040128605, 102
2766.3524040128605, 103
2766.3524040128605, 104
2766.3524040128605, 105
2766.3524040128605, 106
2766.3524040128605, 107
2766.3524040128605, 108
2766.3524040128605, 109
2766.3524040128605, 110
2766.3524040128605, 111
2764.26156316929, 112
2764.26156316929, 113
2764.26156316929, 114
2764.26156316929, 115
2764.26156316929, 116
2764.26156316929, 117
2764.26156316929, 118
2764.26156316929, 119
2764.26156316929, 120
2764.26156316929, 121
2764.26156316929, 122
2764.26156316929, 123
2764.26156316929, 124
2764.26156316929, 125
2764.26156316929, 126
2764.26156316929, 127
2764.26156316929, 128
2764.26156316929, 129
2764.26156316929, 130
2760.421349943987, 131
2760.421349943987, 132
2760.421349943987, 133
2760.421349943987, 134
2760.421349943987, 135
2760.421349943987, 136
2760.421349943987, 137
2699.3042919088575, 138
2699.3042919088575, 139
2699.3042919088575, 140
2699.3042919088575, 141
2699.3042919088575, 142
2696.2675126169283, 143
2696.2675126169283, 144
2696.2675126169283, 145
2696.2675126169283, 146
2696.2675126169283, 147
2696.2675126169283, 148
2696.2675126169283, 149
2696.2675126169283, 150
2696.2675126169283, 151
2696.2675126169283, 152
2696.2675126169283, 153
2696.2675126169283, 154
2681.1604892818914, 155
2681.1604892818914, 156
2681.1604892818914, 157
2656.8260598380225, 158
2656.8260598380225, 159
2656.8260598380225, 160
2656.8260598380225, 161
2656.8260598380225, 162
2656.8260598380225, 163
2656.8260598380225, 164
2656.8260598380225, 165
2656.8260598380225, 166
2656.8260598380225, 167
2656.8260598380225, 168
2656.8260598380225, 169
2656.8260598380225, 170
2656.8260598380225, 171
2656.8260598380225, 172
2656.8260598380225, 173
2656.8260598380225, 174
2656.8260598380225, 175
2656.8260598380225, 176
2656.8260598380225, 177
2656.8260598380225, 178
2656.8260598380225, 179
2656.8260598380225, 180
2656.8260598380225, 181
2656.8260598380225, 182
2656.8260598380225, 183
2656.8260598380225, 184
2656.8260598380225, 185
2656.8260598380225, 186
2656.8260598380225, 187
2656.8260598380225, 188
2656.8260598380225, 189
2656.8260598380225, 190
2656.8260598380225, 191
2656.8260598380225, 192
2656.8260598380225, 193
2656.8260598380225, 194
2656.8260598380225, 195
2656.8260598380225, 196
2656.8260598380225, 197
2656.8260598380225, 198
2656.8260598380225, 199
2656.8260598380225, 200
2656.8260598380225, 201
2656.8260598380225, 202
2656.8260598380225, 203
2656.8260598380225, 204
2656.8260598380225, 205
2656.8260598380225, 206
2656.8260598380225, 207
2656.8260598380225, 208
2656.8260598380225, 209
2656.8260598380225, 210
2656.8260598380225, 211
2656.8260598380225, 212
2656.8260598380225, 213
2656.8260598380225, 214
2656.8260598380225, 215
2656.8260598380225, 216
2656.8260598380225, 217
2656.8260598380225, 218
2656.8260598380225, 219
2656.8260598380225, 220
2656.8260598380225, 221
2656.8260598380225, 222
2656.8260598380225, 223
2656.8260598380225, 224
2656.8260598380225, 225
2656.8260598380225, 226
2656.8260598380225, 227
2656.8260598380225, 228
2656.8260598380225, 229
2656.8260598380225, 230
2656.8260598380225, 231
2656.8260598380225, 232
2656.8260598380225, 233
2656.8260598380225, 234
2656.8260598380225, 235
2656.8260598380225, 236
2656.8260598380225, 237
2656.8260598380225, 238
2656.8260598380225, 239
2656.8260598380225, 240
2656.8260598380225, 241
2656.8260598380225, 242
2656.8260598380225, 243
2656.8260598380225, 244
2656.8260598380225, 245
2656.8260598380225, 246
2656.8260598380225, 247
2656.8260598380225, 248
2656.8260598380225, 249
2656.8260598380225, 250
2656.8260598380225, 251
2656.8260598380225, 252
2656.8260598380225, 253
2656.8260598380225, 254
2656.8260598380225, 255
2656.8260598380225, 256
2656.8260598380225, 257
2656.8260598380225, 258
2656.8260598380225, 259
2656.8260598380225, 260
2656.8260598380225, 261
2656.8260598380225, 262
2656.8260598380225, 263
2656.8260598380225, 264
2656.8260598380225, 265
2656.8260598380225, 266
2656.8260598380225, 267
2656.8260598380225, 268
2656.8260598380225, 269
2656.8260598380225, 270
2656.8260598380225, 271
2656.8260598380225, 272
2656.8260598380225, 273
2656.8260598380225, 274
2656.8260598380225, 275
2656.8260598380225, 276
2656.8260598380225, 277
2656.8260598380225, 278
2656.8260598380225, 279
2656.8260598380225, 280
2656.8260598380225, 281
2656.8260598380225, 282
2656.8260598380225, 283
2656.8260598380225, 284
2656.8260598380225, 285
2656.8260598380225, 286
2656.8260598380225, 287
2656.8260598380225, 288
2656.8260598380225, 289
2656.8260598380225, 290
2656.8260598380225, 291
2656.8260598380225, 292
2656.8260598380225, 293
2656.8260598380225, 294
2656.8260598380225, 295
2656.8260598380225, 296
2656.8260598380225, 297
2656.8260598380225, 298
2656.8260598380225, 299
2656.8260598380225, 300
2656.8260598380225, 301
2656.8260598380225, 302
2656.8260598380225, 303
2656.8260598380225, 304
2656.8260598380225, 305
2656.8260598380225, 306
2656.8260598380225, 307
2656.8260598380225, 308
2656.8260598380225, 309
2656.8260598380225, 310
2656.8260598380225, 311
2656.8260598380225, 312
2656.8260598380225, 313
2656.8260598380225, 314
2656.8260598380225, 315
2656.8260598380225, 316
2656.8260598380225, 317
2656.8260598380225, 318
2656.8260598380225, 319
2656.8260598380225, 320
2656.8260598380225, 321
2656.8260598380225, 322
2656.8260598380225, 323
2656.8260598380225, 324
2656.8260598380225, 325
2656.8260598380225, 326
2656.8260598380225, 327
2656.8260598380225, 328
2656.8260598380225, 329
2656.8260598380225, 330
2656.8260598380225, 331
2656.8260598380225, 332
2656.8260598380225, 333
2656.8260598380225, 334
2656.8260598380225, 335
2656.8260598380225, 336
2656.8260598380225, 337
2656.8260598380225, 338
2656.8260598380225, 339
2656.8260598380225, 340
2656.8260598380225, 341
2656.8260598380225, 342
2656.8260598380225, 343
2656.8260598380225, 344
2656.8260598380225, 345
2656.8260598380225, 346
2656.8260598380225, 347
2656.8260598380225, 348
2656.8260598380225, 349
2656.8260598380225, 350
2656.8260598380225, 351
2656.8260598380225, 352
2656.8260598380225, 353
2656.8260598380225, 354
2656.8260598380225, 355
2656.8260598380225, 356
2656.8260598380225, 357
2656.8260598380225, 358
2656.8260598380225, 359
2656.8260598380225, 360
2656.8260598380225, 361
2656.8260598380225, 362
2656.8260598380225, 363
2656.8260598380225, 364
2656.8260598380225, 365
2656.8260598380225, 366
2656.8260598380225, 367
2656.8260598380225, 368
2656.8260598380225, 369
2656.8260598380225, 370
2656.8260598380225, 371
2656.8260598380225, 372
2656.8260598380225, 373
2656.8260598380225, 374
2656.8260598380225, 375
2656.8260598380225, 376
2656.8260598380225, 377
2656.8260598380225, 378
2656.8260598380225, 379
2656.8260598380225, 380
2656.8260598380225, 381
2656.8260598380225, 382
2656.8260598380225, 383
2656.8260598380225, 384
2656.8260598380225, 385
2656.8260598380225, 386
2656.8260598380225, 387
2656.8260598380225, 388
2656.8260598380225, 389
2656.8260598380225, 390
2656.8260598380225, 391
2656.8260598380225, 392
2656.8260598380225, 393
2656.8260598380225, 394
2656.8260598380225, 395
2656.8260598380225, 396
2656.8260598380225, 397
2656.8260598380225, 398
2656.8260598380225, 399
2656.8260598380225, 400
2656.8260598380225, 401
2656.8260598380225, 402
2656.8260598380225, 403
2656.8260598380225, 404
2656.8260598380225, 405
2656.8260598380225, 406
2656.8260598380225, 407
2656.8260598380225, 408
2656.8260598380225, 409
2656.8260598380225, 410
2656.8260598380225, 411
2656.8260598380225, 412
2656.8260598380225, 413
2656.8260598380225, 414
2656.8260598380225, 415
2656.8260598380225, 416
2656.8260598380225, 417
2656.8260598380225, 418
2656.8260598380225, 419
2656.8260598380225, 420
2656.8260598380225, 421
2656.8260598380225, 422
2656.8260598380225, 423
2656.8260598380225, 424
2656.8260598380225, 425
2656.8260598380225, 426
2656.8260598380225, 427
2656.8260598380225, 428
2656.8260598380225, 429
2656.8260598380225, 430
2656.8260598380225, 431
2656.8260598380225, 432
2656.8260598380225, 433
2656.8260598380225, 434
2656.8260598380225, 435
2656.8260598380225, 436
2656.8260598380225, 437
2656.8260598380225, 438
2656.8260598380225, 439
2656.8260598380225, 440
Length,Generation
8757.052656329923, 1
5937.838915489404, 2
5840.012772136459, 3
5663.705522109551, 4
5274.64855758942, 5
5092.807376948386, 6
4430.047320390728, 7
4430.047320390728, 8
3952.3676238653748, 9
3792.6238806361484, 10
3792.6238806361484, 11
3383.5436015139444, 12
3342.7458507913943, 13
3342.7458507913943, 14
3342.7458507913943, 15
3223.1329729258864, 16
3106.6319915975632, 17
3106.6319915975632, 18
3066.1244252376487, 19
2984.613222419139, 20
2984.613222419139, 21
2984.613222419139, 22
2984.613222419139, 23
2984.613222419139, 24
2984.613222419139, 25
2866.3414595056665, 26
2866.3414595056665, 27
2866.3414595056665, 28
2866.3414595056665, 29
2862.668781015316, 30
2862.668781015316, 31
2810.567288846938, 32
2810.567288846938, 33
2810.567288846938, 34
2810.567288846938, 35
2810.567288846938, 36
2810.567288846938, 37
2810.567288846938, 38
2804.0147403329092, 39
2804.0147403329092, 40
2804.0147403329092, 41
2804.0147403329092, 42
2804.0147403329092, 43
2804.0147403329092, 44
2804.0147403329092, 45
2804.0147403329092, 46
2786.4334616433102, 47
2786.4334616433102, 48
2786.4334616433102, 49
2786.4334616433102, 50
2786.4334616433102, 51
2786.4334616433102, 52
2786.4334616433102, 53
2786.4334616433102, 54
2786.4334616433102, 55
2786.4334616433102, 56
2786.4334616433102, 57
2786.4334616433102, 58
2786.4334616433102, 59
2786.4334616433102, 60
2786.4334616433102, 61
2786.4334616433102, 62
2786.4334616433102, 63
2786.4334616433102, 64
2786.4334616433102, 65
2786.4334616433102, 66
2786.4334616433102, 67
2786.4334616433102, 68
2786.4334616433102, 69
2786.4334616433102, 70
2786.4334616433102, 71
2786.4334616433102, 72
2786.4334616433102, 73
2786.4334616433102, 74
2786.4334616433102, 75
2786.4334616433102, 76
2786.4334616433102, 77
2786.4334616433102, 78
2786.4334616433102, 79
2786.4334616433102, 80
2786.4334616433102, 81
2786.4334616433102, 82
2786.4334616433102, 83
2786.4334616433102, 84
2786.4334616433102, 85
2786.4334616433102, 86
2786.4334616433102, 87
2786.4334616433102, 88
2786.4334616433102, 89
2786.4334616433102, 90
2786.4334616433102, 91
2786.4334616433102, 92
2786.4334616433102, 93
2786.4334616433102, 94
2786.4334616433102, 95
2786.4334616433102, 96
2786.4334616433102, 97
2786.4334616433102, 98
2786.4334616433102, 99
2786.4334616433102, 100
2786.4334616433102, 101
2786.4334616433102, 102
2786.4334616433102, 103
2786.4334616433102, 104
2786.4334616433102, 105
2786.4334616433102, 106
2786.4334616433102, 107
2786.4334616433102, 108
2786.4334616433102, 109
2786.4334616433102, 110
2786.4334616433102, 111
2786.4334616433102, 112
2786.4334616433102, 113
2786.4334616433102, 114
2786.4334616433102, 115
2786.4334616433102, 116
2786.4334616433102, 117
2786.4334616433102, 118
2786.4334616433102, 119
2786.4334616433102, 120
2786.4334616433102, 121
2786.4334616433102, 122
2786.4334616433102, 123
2786.4334616433102, 124
2786.4334616433102, 125
2786.4334616433102, 126
2786.4334616433102, 127
2786.4334616433102, 128
2786.4334616433102, 129
2786.4334616433102, 130
2786.4334616433102, 131
2786.4334616433102, 132
2786.4334616433102, 133
2786.4334616433102, 134
2786.4334616433102, 135
2786.4334616433102, 136
2786.4334616433102, 137
2786.4334616433102, 138
2786.4334616433102, 139
2786.4334616433102, 140
2786.4334616433102, 141
2786.4334616433102, 142
2786.4334616433102, 143
2786.4334616433102, 144
2786.4334616433102, 145
2786.4334616433102, 146
2786.4334616433102, 147
2786.4334616433102, 148
2786.4334616433102, 149
2786.4334616433102, 150
2786.4334616433102, 151
2786.4334616433102, 152
2786.4334616433102, 153
2786.4334616433102, 154
2786.4334616433102, 155
2786.4334616433102, 156
2786.4334616433102, 157
2786.4334616433102, 158
2786.4334616433102, 159
2786.4334616433102, 160
2786.4334616433102, 161
2786.4334616433102, 162
2786.4334616433102, 163
2786.4334616433102, 164
2786.4334616433102, 165
2786.4334616433102, 166
2786.4334616433102, 167
2786.4334616433102, 168
2786.4334616433102, 169
2786.4334616433102, 170
2786.4334616433102, 171
2786.4334616433102, 172
2786.4334616433102, 173
2786.4334616433102, 174
2786.4334616433102, 175
2786.4334616433102, 176
2786.4334616433102, 177
2786.4334616433102, 178
2786.4334616433102, 179
2786.4334616433102, 180
2786.4334616433102, 181
2786.4334616433102, 182
2786.4334616433102, 183
2786.4334616433102, 184
2786.4334616433102, 185
2786.4334616433102, 186
2786.4334616433102, 187
2786.4334616433102, 188
2786.4334616433102, 189
2786.4334616433102, 190
2786.4334616433102, 191
2786.4334616433102, 192
2786.4334616433102, 193
2786.4334616433102, 194
2786.4334616433102, 195
2786.4334616433102, 196
2786.4334616433102, 197
2786.4334616433102, 198
2786.4334616433102, 199
2786.4334616433102, 200
2786.4334616433102, 201
2786.4334616433102, 202
2786.4334616433102, 203
2786.4334616433102, 204
2786.4334616433102, 205
2786.4334616433102, 206
2786.4334616433102, 207
2786.4334616433102, 208
2786.4334616433102, 209
2786.4334616433102, 210
2786.4334616433102, 211
2786.4334616433102, 212
2786.4334616433102, 213
2786.4334616433102, 214
2786.4334616433102, 215
2786.4334616433102, 216
2786.4334616433102, 217
2786.4334616433102, 218
2786.4334616433102, 219
2786.4334616433102, 220
2786.4334616433102, 221
2786.4334616433102, 222
2786.4334616433102, 223
2786.4334616433102, 224
2786.4334616433102, 225
2786.4334616433102, 226
2786.4334616433102, 227
2786.4334616433102, 228
2786.4334616433102, 229
2786.4334616433102, 230
2786.4334616433102, 231
2786.4334616433102, 232
2786.4334616433102, 233
2786.4334616433102, 234
2786.4334616433102, 235
2786.4334616433102, 236
2786.4334616433102, 237
2786.4334616433102, 238
2786.4334616433102, 239
2786.4334616433102, 240
2786.4334616433102, 241
2786.4334616433102, 242
2786.4334616433102, 243
2786.4334616433102, 244
2786.4334616433102, 245
2786.4334616433102, 246
2786.4334616433102, 247
2786.4334616433102, 248
2786.4334616433102, 249
2786.4334616433102, 250
2786.4334616433102, 251
2786.4334616433102, 252
2786.4334616433102, 253
2786.4334616433102, 254
2786.4334616433102, 255
2786.4334616433102, 256
2786.4334616433102, 257
2786.4334616433102, 258
2786.4334616433102, 259
2786.4334616433102, 260
2786.4334616433102, 261
2786.4334616433102, 262
2786.4334616433102, 263
2786.4334616433102, 264
2786.4334616433102, 265
2786.4334616433102, 266
2786.4334616433102, 267
2786.4334616433102, 268
2786.4334616433102, 269
2786.4334616433102, 270
2786.4334616433102, 271
2786.4334616433102, 272
2786.4334616433102, 273
2786.4334616433102, 274
2786.4334616433102, 275
2786.4334616433102, 276
2786.4334616433102, 277
2786.4334616433102, 278
2786.4334616433102, 279
2786.4334616433102, 280
2786.4334616433102, 281
2786.4334616433102, 282
2786.4334616433102, 283
2786.4334616433102, 284
2786.4334616433102, 285
2786.4334616433102, 286
2786.4334616433102, 287
2786.4334616433102, 288
2786.4334616433102, 289
2786.4334616433102, 290
2786.4334616433102, 291
2786.4334616433102, 292
2786.4334616433102, 293
2786.4334616433102, 294
2786.4334616433102, 295
2786.4334616433102, 296
2786.4334616433102, 297
2786.4334616433102, 298
2786.4334616433102, 299
2786.4334616433102, 300
2786.4334616433102, 301
2786.4334616433102, 302
2786.4334616433102, 303
2786.4334616433102, 304
2786.4334616433102, 305
2786.4334616433102, 306
2786.4334616433102, 307
2786.4334616433102, 308
2786.4334616433102, 309
2786.4334616433102, 310
2786.4334616433102, 311
2786.4334616433102, 312
2786.4334616433102, 313
2786.4334616433102, 314
2786.4334616433102, 315
2786.4334616433102, 316
2786.4334616433102, 317
2786.4334616433102, 318
2786.4334616433102, 319
2786.4334616433102, 320
